time,x,y,z,phi,theta,psi,x_velocity,y_velocity,z_velocity,phi_velocity,theta_velocity,psi_velocity,rotor_speed1,rotor_speed2,rotor_speed3,rotor_speed4
0.06,-2.5646455866073003e-07,3.344679632964054e-08,10.004744727160807,3.798225234152852e-05,0.00023289920856406354,0.0,-2.2484729250069707e-05,3.2479730277549687e-06,0.15814808366640432,0.0018700792461055326,0.010692632861318621,0.0,454.7831671804814,455.6385917229024,454.6656513353243,454.8154115954068
0.12000000000000001,-9.22281368348349e-06,2.189972829242477e-06,10.018342414643211,0.0006725514438281621,0.0008225072161511804,0.0,-0.00034261198621975234,0.00011312505348776963,0.29508196189470937,0.023932281303312854,0.008036325121799887,0.0,449.38252148503904,449.1670642479134,446.8375653511136,448.6321025933268
0.18,-4.9323743854297835e-05,2.8471156731339166e-05,10.039147225979693,0.0017143920032829385,0.0018057872280854426,0.0,-0.0010730283661530547,0.00089514487433425,0.3983805223701444,-0.0009177804036688449,0.029316881815606977,0.0,437.51300901904847,439.28087289005833,438.7423442782786,436.67458593860357
0.23999999999999996,-0.0001651990898932977,0.00012399332389915246,10.06957122899522,0.0020982858623783684,0.0032149966346155523,0.0,-0.0029828860471681567,0.0023119652279465163,0.6156602804893438,0.018036868495339385,0.008064164288377747,0.0,473.66040409429445,472.0234236334428,472.1248333383397,473.58471931885845
0.3,-0.00041918348419398764,0.0003151247332085665,10.111574613898123,0.003354954187724246,0.003586066660073328,0.0,-0.005531208635863533,0.004190653982467645,0.7843510899639586,0.02620341588345133,0.002131733682129079,0.0,457.9674900838882,457.49534946199697,459.1319850691984,459.77933223944984
0.36000000000000004,-0.0008353066272888812,0.0006516630859137019,10.164288419236764,0.005034451284961605,0.003817445022952448,0.0,-0.008359961830380652,0.0072141173833783915,0.9726334967355137,0.031347023872684676,0.007099961018121088,0.0,464.89120235920075,465.2802033217119,464.1478345178594,464.55144781830967
0.4200000000000001,-0.0014133547240041257,0.0011903366029904032,10.224527215875701,0.0074650822145594375,0.00372466964088769,0.0,-0.010935736821073714,0.010953609022789046,1.0352700705549063,0.054403512314677195,-0.030825303482075146,0.0,427.278907491085,424.0337439422095,425.0668759751995,427.0388039845678
0.48000000000000015,-0.0021446734237164315,0.002027102543131883,10.291221087458226,0.010851081688845632,0.0018239820461900536,0.0,-0.013235313358480947,0.01730269005683162,1.1877102612411339,0.06021037153442947,-0.033440434404154784,0.0,453.6351186768749,453.4247610757802,454.8904247173643,455.35721786613567
0.5400000000000001,-0.002976557102181557,0.0033661741370297664,10.370889867007541,0.013912775909752817,6.282733707521831,0.0,-0.014220876006935603,0.02777825189402351,1.4675942746621151,0.01740029464315468,-0.04888296566983829,0.0,492.96401606349747,491.82112996232524,493.33712564102296,490.16745796949226
0.6000000000000002,-0.003810767686696753,0.005302891699683539,10.460355281116827,0.01575660533246115,6.2795974324552475,0.0,-0.013301497374774525,0.03692189598321088,1.5145223975450288,0.04904343391444522,-0.0600920032507009,0.0,422.76171669041435,421.7929023068464,420.18171004766083,422.91614994969683
0.6600000000000003,-0.004502001627427941,0.007930640569291273,10.55886880502361,0.018683705688007812,6.276516293992405,0.0,-0.009328856007399034,0.05103019982347618,1.768895451200875,0.04826325281191043,-0.03796020500672671,0.0,483.51340550644056,485.17614875628067,486.939924644599,486.8828046382814
0.7200000000000003,-0.004933999637673652,0.011339727340804014,10.665415651956057,0.021391372868844627,6.274645460659684,0.0,-0.004888440407939673,0.06285632229602775,1.7826380294276039,0.037977324313472414,-0.020240239150782404,0.0,411.3372727710969,412.9029269047844,411.9996199846178,411.09058751317514
0.7800000000000004,-0.004975668504147154,0.015737424711652834,10.78343178681277,0.02344985375232067,6.273508535810667,0.0,0.0036604659884108422,0.0840288933349016,2.150607560938306,0.025718746439952797,-0.01648353481469194,0.0,518.8075112749705,519.0712945996279,517.359409675253,516.4959451166851
0.8400000000000004,-0.004502584933029816,0.021389534533486465,10.920498317997797,0.02540710177699701,6.272339873118193,0.0,0.012239523250767492,0.10458723772681525,2.417743696621913,0.043721794810267826,-0.026262464650678892,0.0,492.4720591018572,491.748315847491,489.95417716526146,491.29103990357663
0.9000000000000005,-0.003554969236402684,0.028163238780902093,11.067129293852835,0.027455795764083746,6.271497407012166,0.0,0.019454367829049787,0.12143942644638946,2.4698354911398384,-0.003912113884078663,0.0031777820084042206,0.0,426.16807697108413,428.6770482061681,429.14500019840176,425.0830164265048
0.9600000000000005,-0.0021651752020360555,0.03597473124475676,11.216804161312812,0.027584153563792846,6.272225048871917,0.0,0.02682343115587536,0.13893729296375296,2.519218546943589,0.012104927631859351,0.025772212505744612,0.0,425.67575242304986,427.60476585023264,425.96024300628665,427.32772889026563
1.0200000000000005,-0.0002995035110795033,0.04497679865272284,11.374303465034867,0.028694964234261988,6.2738407787056865,0.0,0.03517310604016095,0.16122946260724821,2.7302759174939237,0.02896199456433945,0.029146845666838273,0.0,476.37839482545274,476.63647399799777,476.3738153059246,477.66097170220763
1.0800000000000005,0.0020200315443190484,0.05532547589622324,11.543707428861536,0.030830335044702117,6.2760600777194515,0.0,0.04190910664376621,0.1839377406442975,2.9160612437988123,0.04632872263163589,0.04928778686641656,0.0,469.94067947494113,471.49979035040917,469.2309508683065,470.57765496856285
1.1400000000000006,0.00467739293381288,0.06704158696051268,11.722709952946758,0.03332678873174544,6.278959578116456,0.0,0.04635347736766675,0.20687273048719088,3.0503314894519815,0.029926152311812733,0.046327060618335775,0.0,455.7083869712927,455.47302763605893,456.57477694928286,455.2651038319655
1.2000000000000006,0.007534371504337195,0.08014055995417405,11.908465499159247,0.03547485851878829,6.2815370643795205,0.0,0.04860730812806694,0.22995125202722805,3.14126613848174,0.04552197817082972,0.03518841222350207,0.0,443.531369953283,442.61661653749775,442.3973694963796,443.6802369227556
1.2600000000000007,0.010476331266000847,0.09468948667981049,12.100189561036213,0.03794947491659517,0.0010158905751822545,0.0,0.04920642206826968,0.25527175054238893,3.2492224863247015,0.030910308535668875,0.058353528256903035,0.0,448.3596757436899,450.2388499434089,449.14915596341285,447.9633969794833
1.3200000000000007,0.013392644839365355,0.11081841965156289,12.298715340520832,0.03980379328407224,0.005001434454002585,0.0,0.047608263745822034,0.28253941329386295,3.367949647370234,0.030895301383746344,0.07900827197301286,0.0,452.3013782400069,453.9649098716417,452.7098421194011,452.70893964607933
1.3800000000000008,0.016107268973931468,0.12873902084073044,12.507228047516676,0.04248348183506945,0.009681307620411417,0.0,0.04232260537752329,0.31506644133664896,3.581809704058663,0.06338915285067191,0.07589772277077513,0.0,481.92278583198294,481.69193426376034,481.1075969230846,483.56250017813136
1.4400000000000008,0.018424881052784073,0.14855080944554164,12.725512623092968,0.04619676992631039,0.014092269663150248,0.0,0.034468553539506515,0.3457000628678732,3.693959423480616,0.058704654388590946,0.06827074654578127,0.0,452.89407293939763,452.2842664589541,453.6856861276608,453.31205427085945
1.5000000000000009,0.020163252082873815,0.17032823596931143,12.951606671004987,0.049582766249478105,0.018682793251698193,0.0,0.023005975390810948,0.3805668602789464,3.84199110845809,0.05145441726238357,0.08929361462537935,0.0,462.6805525945741,464.3370320609714,466.3138075354683,465.74907465658185
1.560000000000001,0.021082604640274172,0.19433397408399744,13.187835522403619,0.05292224816258173,0.02427730886157775,0.0,0.007018916890119741,0.4199608719088332,4.031614843820751,0.0629592280813088,0.10015092380059461,0.0,478.4262150704273,479.2588189769457,477.0466824482974,477.9262489876699
1.620000000000001,0.020931430618922685,0.22073720770935565,13.434558962354838,0.057134535101381445,0.030343631750519684,0.0,-0.012713997935809114,0.46055945456800806,4.191873949204504,0.08174766584061352,0.10294761893280156,0.0,471.2028560810012,471.42721773682473,469.7561282162691,471.2142670345964
1.680000000000001,0.01957501158019419,0.24946103626117125,13.687212319215694,0.06184578370486005,0.036305875445282965,0.0,-0.03306076768255288,0.4973373946645699,4.229709086255393,0.07113233998515511,0.09104202998611866,0.0,434.96576905593463,433.97617041170406,434.6350885566533,433.7494679090709
1.740000000000001,0.0169281709780425,0.28040984036094474,13.94104499528819,0.06560653980172759,0.04197031207178892,0.0,-0.05565468987039614,0.5346458247155084,4.231319748967946,0.034757787294080245,0.10040288130113864,0.0,422.20292402013564,423.017890439323,424.777765526527,421.64935205193336
1.8000000000000012,0.012623381376586706,0.3139618307856119,14.199601582323254,0.06756184543602917,0.04776564966085406,0.0,-0.08846611329069871,0.5839320748704997,4.386590504301418,0.027853326531129135,0.08760210222969701,0.0,471.2703123405173,470.28709390236276,471.96562959646843,471.4327259600953
1.8600000000000012,0.006184447728131348,0.3505654473043444,14.468253485687303,0.06888340138389282,0.05331175911673114,0.0,-0.1267476668431451,0.6363079116707118,4.567704776894002,0.006612642578197088,0.1006715618718508,0.0,479.6211422368648,480.6192491237098,480.98362341037824,479.3721346108805
1.9200000000000013,-0.002462460894329081,0.39005681437224854,14.74372807129977,0.06943819030712994,0.059364443853740845,0.0,-0.16204157752730697,0.6800947248090095,4.61454137242063,0.014052909012194213,0.10128761925779112,0.0,440.32070707957666,440.3805726060078,440.8956137476526,441.5098551610145
1.9800000000000013,-0.01351500008777956,0.4323830890945357,15.024835833353038,0.07008382472681074,0.06580190830070709,0.0,-0.20701910370908133,0.730812429378049,4.755072607379059,0.003193067590322644,0.11718332944389379,0.0,469.27482239360097,470.5165057099261,470.90470462969984,470.06368294254116
2.0400000000000014,-0.027128355810802994,0.47746821190114574,15.31017061974685,0.07086559330977948,0.07238685776336329,0.0,-0.24735986781440708,0.7720609274043201,4.7560177636960415,0.027698024152417414,0.08760939668690507,0.0,429.8489516488913,427.34574960111524,426.03565365590396,428.125965431119
2.1000000000000014,-0.0435169497900281,0.5252809588491225,15.598867174447488,0.0727655000217382,0.07738254373582709,0.0,-0.2994232124563997,0.8218385776725153,4.866651453650468,0.03860635971659614,0.07272586314622259,0.0,463.41021636571116,462.2439448022114,462.06021529003783,462.919791648055
2.1600000000000015,-0.06294565806477928,0.5759473201784512,15.89182482593313,0.07467770744839619,0.08227775669043869,0.0,-0.34861673110716096,0.8672184375263305,4.89838608324364,0.012889216538697096,0.09512035691929084,0.0,438.35964850327804,440.22219455199155,440.1311336338902,437.997576762931
2.2200000000000015,-0.08575528890093352,0.6296636802463096,16.190664313951963,0.07546261122546305,0.08804476055478361,0.0,-0.41228145250009457,0.9233450300734929,5.062117399734426,0.013463996136675819,0.0980371110082633,0.0,480.0813688191852,480.30977452024814,479.9650026872877,480.0084959869768
2.2800000000000016,-0.11206898858026441,0.6863852079060663,16.494325470038266,0.07654401930065013,0.09407112527872208,0.0,-0.4653581046192017,0.9674414553197463,5.059841269026175,0.025861133070791617,0.1048532077570038,0.0,430.68568618895983,431.27091263678346,429.23569705520964,430.2866050072445
2.3400000000000016,-0.14218013310484803,0.7461782270558039,16.803114977267263,0.0786780379676113,0.10024145468435464,0.0,-0.5389711503653123,1.0257947788682473,5.232228036215291,0.05008530715329439,0.09847445486083532,0.0,484.95443337411126,484.48321351782,483.26122607498905,485.08436971481694
2.4000000000000017,-0.17675496133079782,0.8094517909551492,17.12131924147903,0.08189850185259218,0.10585846758718542,0.0,-0.6140769181639872,1.0835915392987086,5.3737682573129035,0.06002651560994396,0.0815123701643035,0.0,479.0395581391347,477.75444978496273,475.6480351326893,476.4105406968146
2.4600000000000017,-0.2155706355661793,0.8759673048396118,17.444417779314314,0.08559002763803036,0.11058576486754301,0.0,-0.680198297941185,1.1338969583885057,5.395938746740252,0.06436508439656818,0.07269594514615924,0.0,442.6816058281319,441.9603808944376,441.83296741727605,442.193303035439
2.520000000000002,-0.2584126210149723,0.9455469150980471,17.768596773054703,0.08916317479746105,0.1145518615685166,0.0,-0.748231470974223,1.1857336239814718,5.409819716761656,0.04758580093323242,0.047724497124943546,0.0,441.1528295736841,439.08882059251914,440.63920882247794,439.25213632086763
2.580000000000002,-0.3049990294205637,1.017981807720479,18.090107880911905,0.09180938498879598,0.11715043178442386,0.0,-0.8048996898810402,1.2289873587833349,5.307599560815146,0.03602805476805745,0.03256818673485236,0.0,402.89458002172603,401.5228569091462,401.0713079421948,400.02130458511664
2.640000000000002,-0.3553489049747534,1.0933011127718162,18.408235486419674,0.09415332921725739,0.11935709269378147,0.0,-0.8736111469904958,1.2818332626685167,5.296596213039671,0.0445363956020972,0.044088841375486326,0.0,430.3715639813327,431.3464061856948,431.88834914410444,432.60629978986657
2.700000000000002,-0.4099488739412877,1.1718979054247236,18.72640577566841,0.09692267164892687,0.12201419706478145,0.0,-0.9466135595382412,1.338273678419111,5.308891974861774,0.049211224118747315,0.044674559265577965,0.0,439.0367915012857,439.0865331433908,439.315491597427,439.7042887434571
2.760000000000002,-0.4692433475165349,1.2541378914116283,19.04744249952174,0.09987692282698202,0.1249860641142293,0.0,-1.030099048508716,1.4032884202640326,5.39178316642897,0.04929004109810866,0.057804602090542036,0.0,461.1142227416129,462.1518655633729,462.2092943668745,462.2169093284478
2.820000000000002,-0.5334900728432942,1.3402389896456215,19.372483437996568,0.10330145241605049,0.12797009041708574,0.0,-1.1117384623122621,1.4670007529869815,5.442501794576739,0.06930327010757417,0.024174315008517362,0.0,454.23534470603283,451.53122432752394,452.4980268451594,454.1086255071269
2.880000000000002,-0.6026647320920272,1.4302107690947985,19.700381235996407,0.10744321278261193,0.12948788511852083,0.0,-1.194192559574141,1.5323985853881563,5.487044198716505,0.0684760628776789,0.027451331398943818,0.0,452.33305930221087,452.59702675932743,451.59546839096043,451.53225170353477
2.940000000000002,-0.6765536235343246,1.5239624047853584,20.028921292093973,0.11136290219116418,0.13074906623806903,0.0,-1.2689110917408675,1.5929771219652802,5.464247049450688,0.058146543319024635,0.0032949219338209487,0.0,432.14979988130705,430.1084000162345,431.5966479076499,430.7270476949315
3.000000000000002,-0.7544946493054155,1.6210268525715246,20.352677096302507,0.1151274415546748,0.13124908670090996,0.0,-1.3292398522634568,1.6427952376216164,5.328156234852308,0.07063110961663,0.016874604734274594,0.0,391.8770520524488,393.13752407547463,391.0082928693085,392.17329739100836
3.0600000000000023,-0.8364891933580898,1.7214984300549176,20.671425501546125,0.11988695700638541,0.13276342841544597,0.0,-1.4040421842939244,1.7066176182888706,5.296773011162265,0.09266055119826751,0.0381825660038534,0.0,426.30390435638793,428.1212380314447,426.30642277923096,428.19014545845533
3.1200000000000023,-0.9229179401368045,1.8258008146769362,20.987636900692863,0.12557786393940518,0.13512894812869458,0.0,-1.4771375177903932,1.7705712107727745,5.243659437239287,0.09889699729042425,0.041801109646279824,0.0,419.984342440109,420.2990147012174,419.60061007980187,420.1499684714811
3.1800000000000024,-1.0142081520126205,1.93442984485783,21.30379508151532,0.13155010106045673,0.13758250900685898,0.0,-1.566072284847569,1.8508883353627112,5.294454616781848,0.10078709299860578,0.03901147434581259,0.0,453.8526574420206,453.62950140978324,453.8580442552548,454.0180448097995
3.2400000000000024,-1.1107471251106396,2.0478572435049633,21.621992993611443,0.13818545426115136,0.13982594259421255,0.0,-1.6520897355391218,1.9305438210471255,5.311800571975842,0.12520895460524076,0.033934762662923966,0.0,445.3362546677642,444.92138204167446,442.3781271283562,444.3954313853125
3.3000000000000025,-1.2123453989413011,2.1660392451086503,21.940176653877025,0.14531604958403221,0.14244453503260068,0.0,-1.7347348837248704,2.009445282802845,5.29412721845708,0.10140513444062198,0.05816357744034899,0.0,432.2571292393046,434.2955635599672,434.9672559045633,432.9815699565938
3.3600000000000025,-1.3185599305262852,2.2886659409813075,22.254553567372756,0.151237794170914,0.14582723035859768,0.0,-1.8060744478742257,2.078562428891452,5.185375026036912,0.09264157681897872,0.052546203317568735,0.0,403.0821627674166,402.5766013846141,403.342942232537,402.55996721755054
3.4200000000000026,-1.4302189596424042,2.4166594366468113,22.56983205567512,0.15673678969479976,0.14872734315883562,0.0,-1.9161219996011176,2.1883115368506836,5.322903112842703,0.08959050707556179,0.0382016300366135,0.0,482.5706208450384,481.48763917755605,482.3318908088001,482.1077148747944
3.4800000000000026,-1.5486296824383792,2.551435964425317,22.893876756220806,0.16239825321206247,0.1506262577611448,0.0,-2.0310227773727676,2.3046528806000692,5.477468582828244,0.1024975563204267,0.013432717420846374,0.0,491.02312370226286,489.18211629462587,487.7195877425854,488.6894008356762
3.5400000000000027,-1.6731511212543357,2.6924289735619444,23.221797442112297,0.16906847631783428,0.15166392342256252,0.0,-2.119797260703316,2.3956069839977148,5.453047689222958,0.12447718228923975,0.02407382591339584,0.0,436.0321979952088,436.9203909927062,434.23262833161,436.0838960387179
3.6000000000000028,-1.8032575175490746,2.839244861864687,23.5497164457201,0.1769079182837041,0.15339509833801923,0.0,-2.2172135110389872,2.498855977941175,5.4770898757406625,0.14078889836476896,0.03701427453617301,0.0,452.09000585651705,453.1318977400122,450.677597830054,452.0095410051325
3.660000000000003,-1.9389105211436821,2.992004704922181,23.876879209966887,0.18571556459285432,0.15620677496054025,0.0,-2.3048008774173634,2.593793790907685,5.428185933246017,0.15668576047851415,0.06153830141032887,0.0,428.73061041164334,430.8110090639521,427.9934089050751,429.3653994461563
3.720000000000003,-2.080205430264373,3.150985283209509,24.203115952423992,0.19512894669220415,0.16004589780354905,0.0,-2.405349080355104,2.7062872479556415,5.445777773514657,0.15729397250204896,0.06847622374081229,0.0,451.9276173544747,452.48950449799656,450.6967009974504,450.7687979727154
3.780000000000003,-2.2275092431976637,3.316752003468492,24.529734601166844,0.20461632802815366,0.16436916271497282,0.0,-2.5051408438655263,2.8199817122103985,5.441002999441848,0.159729551012814,0.07838842650018872,0.0,445.15762327292254,445.97212362824314,445.43602220277097,445.6588259259516
3.840000000000003,-2.3813037738452225,3.49000833512205,24.858465714553294,0.21416809970409556,0.16878812989254932,0.0,-2.62171440901312,2.9559537944407186,5.515679216907484,0.15810902629016566,0.06191653871597193,0.0,473.1632490602417,471.89699030816405,471.24836499168634,471.1455377188587
3.900000000000003,-2.541897934499344,3.671238139597033,25.189969304722034,0.2233896178109358,0.17200406078685937,0.0,-2.731718481485852,3.085721747741245,5.533744612589698,0.1429576359385222,0.026546280864942522,0.0,458.0765396573098,455.2561527896685,456.34647612181305,455.1566826390444
3.960000000000003,-2.70898297009926,3.8601852140889816,25.52154362852932,0.23154240117389868,0.17429173338693627,0.0,-2.837965800943884,3.2131044921205754,5.518273556149731,0.11542870638696102,0.054687455986343864,0.0,446.18936253654215,448.48207667724574,447.3630552435345,445.1318326391362
4.020000000000002,-2.88193032226088,4.056152892345133,25.84901797665188,0.23840106183065313,0.17705104850658238,0.0,-2.9272825604174866,3.319626068928502,5.397706489942947,0.11197856246857217,0.016350259282201643,0.0,414.0747676236113,410.68864516636273,411.67211106422906,411.3794192643791
4.080000000000001,-3.0610750886402958,4.259642571706174,26.1735290015507,0.24453843249308527,0.17825388598312575,0.0,-3.044292014949825,3.463762619675313,5.4186872984244125,0.06269859935939437,0.026570387512376552,0.0,458.60871378646857,459.41991065814955,461.48826396235427,457.58869113703685
4.14,-3.2469790463156136,4.471459751852828,26.497656281334223,0.24817716697801462,0.1801791118062921,0.0,-3.152697537164328,3.596970072055448,5.385298851395041,0.056188253607723664,0.04130856749098788,0.0,441.90486663948724,443.1187536702677,443.4627489458599,442.93013960787505
4.199999999999998,-3.4399701697236766,4.692025816372574,26.82258944246296,0.25105846439595236,0.18226346465123644,0.0,-3.280508070338548,3.7552431673257214,5.444982157653327,0.021895007540780036,0.0164571320583945,0.0,474.7030294567919,472.79216207564906,474.2856487205985,471.6449807619411
4.259999999999997,-3.64029288677268,4.921588329063854,27.149045615909706,0.2519284135820685,0.18305538959059753,0.0,-3.397025974729144,3.896738231804603,5.436572413908328,-0.007486042672973878,0.005721705724229924,0.0,453.5963605171173,452.73308888845133,454.6332754317854,452.2724037134849
4.319999999999996,-3.8469473363425517,5.158694313956461,27.47138463565209,0.2518708086866308,0.1843103165609996,0.0,-3.491693117830933,4.006747861833707,5.30849900243977,0.009646517202096087,0.040955962005586016,0.0,411.3381139074852,414.44754756057284,412.7475771948478,414.2572965081897
4.379999999999995,-4.0601455864261515,5.403471835535143,27.790302936005506,0.25294221080631907,0.18632436608569236,0.0,-3.6151303891080024,4.15231831203637,5.321630837186516,0.030613055520718024,0.011624764271965503,0.0,461.4655615372341,459.1442191454576,458.96420124663535,460.62558497083904
4.439999999999993,-4.280214327492172,5.656198878183959,28.106993590930955,0.2549226822714239,0.18681695111136598,0.0,-3.7206742895414053,4.2719574166031204,5.23484786415284,0.03741140623743647,0.00031331385813340067,0.0,427.87753827557447,426.913101370009,428.0412065037414,428.6199822553096
4.499999999999992,-4.506427800092061,5.915818646643353,28.41736914166192,0.2569435994644538,0.18678578429815218,0.0,-3.819959809232921,4.382135160085711,5.1113505554242575,0.024925641116029268,-0.0022394168364247807,0.0,414.3436525658937,414.11911798004917,415.70352204449324,414.608212458042
4.559999999999991,-4.739193864208808,6.182815097594234,28.723257839277323,0.2581495366071733,0.18755316564775093,0.0,-3.9390228648304393,4.517651384697258,5.084723252556734,0.00808228558588647,0.032684260045386306,0.0,445.8957741248379,448.7404118446424,447.6175504100719,446.244382583271
4.6199999999999894,-4.978808053435176,6.457472772062703,29.02582767271274,0.258555638411722,0.18945121888046312,0.0,-4.048402245264909,4.637494699153011,5.00104556010128,0.004001668214908504,0.029447231069173574,0.0,427.54562801684693,427.2700697109422,429.4708541356133,429.12440832171495
4.679999999999988,-5.225461514980841,6.739854817640695,29.32550652653272,0.25911916979194416,0.19165239974868875,0.0,-4.173615927921078,4.775014134062115,4.987932831874113,0.018436924682175837,0.04822379996401289,0.0,451.7102485530093,453.22282780784815,450.6294655757252,451.79501578315933
4.739999999999987,-5.4808959674633675,7.032047826573099,29.63036206117749,0.26091580980592877,0.19461652490997583,0.0,-4.341020200874805,4.964332353263567,5.172304706104329,0.04642685151224968,0.05165952276310024,0.0,514.0326983839163,514.2773142211711,511.2399798172187,513.2309732423556
4.799999999999986,-5.7452313506682,7.333990805672191,29.94020456749669,0.26415987659760276,0.1976906812614283,0.0,-4.470471574684891,5.100412953196371,5.155308679744361,0.06611462709024098,0.05037533822713346,0.0,454.58220746429436,454.4808769498091,454.46109418547115,456.0386158048982
4.859999999999984,-6.016383626130556,7.642780753342784,30.244062291024118,0.2683751820617415,0.20076648664051344,0.0,-4.5683790108723725,5.1928248401916015,4.973809198455408,0.07745943276394257,0.05298231515667291,0.0,398.3762111448156,398.6166037409817,398.50719230822835,399.54752299808024
4.919999999999983,-6.294100177163394,7.957947577838662,30.539965510682112,0.2729269205383549,0.2036133006279135,0.0,-4.689202515738916,5.312896056172691,4.889498649473602,0.07246187200382402,0.03307920466862483,0.0,434.18557064189906,432.5134345781553,431.6329630868236,431.215594329528
4.979999999999982,-6.579581002592059,8.280932715592844,30.83286356662697,0.2772328850167298,0.20535860788215743,0.0,-4.827049841141753,5.45333875338859,4.873241029025279,0.07033764739120901,0.01959265505555376,0.0,456.15901432390456,455.08070437912227,455.46813619391787,455.3020003396632
5.0399999999999805,-6.873071121877691,8.611957370478894,31.123282760778096,0.2817577614192368,0.20643328972168007,0.0,-4.9561847976071975,5.580935695545668,4.807198019105125,0.08400635028863071,0.014317080161330077,0.0,439.8776656244851,439.44038662112405,439.857702190646,440.9929953724417
